Time,IR Value
0.144,1456
0.254,1456
0.374,1457
0.494,1442
0.615,1461
0.735,1459
0.853,1455
0.975,1455
1.093,1458
1.213,1440
1.334,1453
1.454,1467
1.572,1456
1.698,1453
1.832,1451
1.955,1436
2.071,1436
2.192,1456
2.311,1452
2.433,1466
2.556,1446
2.672,1461
2.791,1459
2.911,1454
3.031,1459
3.153,1453
3.276,1449
3.397,1457
3.511,1456
3.642,1448
3.750,1457
3.870,1454
3.990,1445
4.109,1451
4.230,1437
4.347,1463
4.470,1459
4.588,1459
4.709,1474
4.841,1448
4.989,1436
5.108,1461
5.228,1446
5.347,1454
5.468,1473
5.587,1449
5.711,1448
5.827,1453
5.947,1437
6.067,1440
6.187,1463
6.308,1455
6.428,1451
6.548,1456
6.666,1462
6.787,1458
6.906,1459
7.026,1457
7.146,1449
7.266,1458
7.389,1454
7.505,1458
7.625,1450
7.745,1462
7.865,1451
7.985,1456
8.103,1449
8.225,1447
8.343,1456
8.465,1456
8.583,1464
8.706,1470
8.824,1460
8.945,1448
9.065,1455
9.183,1468
9.304,1455
9.424,1462
9.552,1452
9.684,1433
9.806,1454
9.923,1459
10.042,1465
10.165,1453
